      pfn level             va_base refs stale meta children
   1048699     4 00001000a8200000    1     0    1        0
   1048700     4 0000100086800000    1     0    1        0
   1049195     4 0000100091000000    1     0    1        0
   1049309     4 0000100002000000    1     0    0        0
   1049315     4 0000100084000000    1     0    1        0
   1049337     4 0000100003c00000    1     0    0        0
   1049368     4 0000100090200000    1     0    1        0
   1049436     4 0000100002400000    1     0    0        0
   1049468     4 000010004fc00000    1     0    0        0
   1049494     4 0000100048a00000    1     0    0        0
   1049502     4 0000100001200000    1     0    0        0
   1049530     4 00001000b0c00000    1     0    1        0
   1049531     4 00001000b0e00000    1     0    1        0
   1050872     4 00001000a0000000    1     0    1        0
   1050873     4 00001000a0200000    1     0    1        0
   1050874     4 00001000a0400000    1     0    1        0
   1050875     4 00001000a0600000    1     0    1        0
   1050876     4 00001000a0800000    1     0    1        0
   1050877     4 00001000a0a00000    1     0    1        0
   1050878     4 00001000a0c00000    1     0    1        0
   1050879     4 00001000a0e00000    1     0    1        0
   1051569     4 000010009b400000    1     0    1        0
   1051570     4 000010009b600000    1     0    1        0
   1051571     4 000010009b800000    1     0    1        0
   1051572     4 000010009ba00000    1     0    1        0
   1051573     4 000010009bc00000    1     0    1        0
   1051574     4 000010009be00000    1     0    1        0
   1051575     4 000010009c000000    1     0    1        0
   1051616     4 0000100089000000    1     0    1        0
   1051754     4 00001000a7800000    1     0    1        0
   1051767     4 0000100086e00000    1     0    1        0
   1052090     4 0000100081e00000    1     0    1        0
   1053150     4 0000100097e00000    1     0    1        0
   1053160     4 0000100080400000    1     0    1        0
   1053161     4 0000100086a00000    1     0    1        0
   1053162     4 0000000000000000    1     0    1        0
   1053251     4 00001000aba00000    1     0    1        0
   1057243     4 000010004e200000    1     0    0        0
   1057931     4 0000100090600000    1     0    1        0
   1057952     4 00001000ac200000    1     0    1        0
   1057954     4 0000100091600000    1     0    1        0
   1057955     4 0000100087600000    1     0    1        0
   1058160     4 0000000000000000    1     0    1        0
   1058161     4 0000000000000000    1     0    1        0
   1058162     4 0000000000000000    1     0    1        0
   1058163     4 0000100082e00000    1     0    1        0
   1058180     4 0000000000000000    1     0    1        0
   1058192     4 0000000000000000    1     0    1        0
   1058696     4 0000100041000000    1     0    0        0
   1058700     4 0000000000000000    1     0    1        0
   1058704     4 00001000a9800000    1     0    1        0
   1058707     4 0000100045000000    1     0    0        0
   1058721     4 0000000000000000    1     0    1        0
   1058723     4 0000000000000000    1     0    1        0
   1058724     4 0000000000000000    1     0    1        0
   1058725     4 0000000000000000    1     0    1        0
   1058726     4 0000000000000000    1     0    1        0
   1058728     4 0000000000000000    1     0    1        0
   1058729     4 0000000000000000    1     0    1        0
   1058731     4 0000000000000000    1     0    1        0
   1058735     4 0000000000000000    1     0    1        0
   1058737     4 0000100041e00000    1     0    0        0
   1058738     4 0000000000000000    1     0    1        0
   1058739     4 0000000000000000    1     0    1        0
   1058748     4 0000000000000000    1     0    1        0
   1058751     4 0000000000000000    1     0    1        0
   1058768     4 0000000000000000    1     0    1        0
   1058790     4 0000100001e00000    1     0    0        0
   1058794     4 0000000000000000    1     0    1        0
   1058818     4 0000000000000000    1     0    1        0
   1058819     4 0000000000000000    1     0    1        0
   1058823     4 0000100046200000    1     0    0        0
   1058849     4 0000100045a00000    1     0    0        0
   1059272     4 0000000000000000    1     0    1        0
   1059303     4 0000000000000000    1     0    1        0
   1059306     4 0000000000000000    1     0    1        0
   1059307     4 0000000000000000    1     0    1        0
   1059308     4 0000000000000000    1     0    1        0
   1059309     4 0000000000000000    1     0    1        0
   1059310     4 0000000000000000    1     0    1        0
   1059526     4 0000000000000000    1     0    1        0
   1059785     4 0000000000000000    1     0    1        0
   1059786     4 0000000000000000    1     0    1        0
   1059787     4 0000000000000000    1     0    1        0
   1059788     4 0000000000000000    1     0    1        0
   1059823     4 0000000000000000    1     0    1        0
   1059835     4 0000000000000000    1     0    1        0
   1060864     4 0000000000000000    1     0    1        0
   1060865     4 0000000000000000    1     0    1        0
   1060866     4 0000000000000000    1     0    1        0
   1061204     4 0000000000000000    1     0    1        0
   1061205     4 0000000000000000    1     0    1        0
   1061232     4 0000000000000000    1     0    1        0
   1061240     4 0000000000000000    1     0    1        0
   1061303     4 0000000000000000    1     0    1        0
   1061304     4 0000000000000000    1     0    1        0
   1061307     4 0000000000000000    1     0    1        0
   1061310     4 0000000000000000    1     0    1        0
   1061313     4 0000000000000000    1     0    1        0
   1061314     4 0000000000000000    1     0    1        0
   1061315     4 0000000000000000    1     0    1        0
   1061318     4 0000000000000000    1     0    1        0
   1061320     4 0000000000000000    1     0    1        0
   1061322     4 0000000000000000    1     0    1        0
   1061344     4 0000000000000000    1     0    1        0
   1061353     4 0000000000000000    1     0    1        0
   1061368     4 0000000000000000    1     0    1        0
   1061385     4 0000100041800000    1     0    0        0
   1061404     4 00001000a8e00000    1     0    1        0
   1061459     4 0000000000000000    1     0    1        0
   1061624     4 0000000000000000    1     0    1        0
   1061625     4 0000000000000000    1     0    1        0
   1061631     4 0000000000000000    1     0    1        0
   1061638     4 0000000000000000    1     0    1        0
   1061641     4 0000000000000000    1     0    1        0
   1061644     4 0000000000000000    1     0    1        0
   1061645     4 0000000000000000    1     0    1        0
   1061648     4 0000000000000000    1     0    1        0
   1061650     4 0000000000000000    1     0    1        0
   1061674     4 00001000a9a00000    1     0    1        0
   1061689     4 0000000000000000    1     0    1        0
   1061701     4 0000000000000000    1     0    1        0
   1061710     4 0000000000000000    1     0    1        0
   1061718     4 0000100085200000    1     0    1        0
   1061776     4 0000000000000000    1     0    1        0
   1061808     4 0000000000000000    1     0    1        0
   1061809     4 00001000a8600000    1     0    1        0
   1069008     4 0000000000000000    1     0    1        0
   1069016     4 0000100083a00000    1     0    1        0
   1069018     4 0000100085400000    1     0    1        0
   1069033     4 0000100048e00000    1     0    0        0
   1069034     4 0000100048800000    1     0    0        0
   1069050     4 00001000a8000000    1     0    1        0
   1069063     4 0000000000000000    1     0    1        0
   1069096     4 0000100049400000    1     0    0        0
   1069101     4 0000000000000000    1     0    1        0
   1069233     4 00001000a9c00000    1     0    1        0
   1069293     4 0000100095000000    1     0    1        0
   1069424     4 0000000000000000    1     0    1        0
   1069467     4 0000000000000000    1     0    1        0
   1069519     4 0000000000000000    1     0    1        0
   1069553     4 0000000000000000    1     0    1        0
   1069557     4 0000000000000000    1     0    1        0
   1069558     4 000010004d600000    1     0    0        0
   1069559     4 000010004d800000    1     0    0        0
   1069560     4 0000000000000000    1     0    1        0
   1069564     4 0000100084400000    1     0    1        0
   1069568     4 00001000af000000    1     0    1        0
   1069569     4 00001000af200000    1     0    1        0
   1069570     4 0000100099600000    1     0    1        0
   1069573     4 0000000000000000    1     0    1        0
   1069788     4 0000000000000000    1     0    1        0
   1069789     4 0000100099400000    1     0    1        0
   1069800     4 0000000000000000    1     0    1        0
   1069801     4 0000000000000000    1     0    1        0
   1069804     4 0000000000000000    1     0    1        0
   1069805     4 0000000000000000    1     0    1        0
   1069806     4 0000000000000000    1     0    1        0
   1069809     4 0000000000000000    1     0    1        0
   1069817     4 0000000000000000    1     0    1        0
   1069818     4 0000000000000000    1     0    1        0
   1069821     4 0000000000000000    1     0    1        0
   1069822     4 0000000000000000    1     0    1        0
   1069829     4 0000000000000000    1     0    1        0
   1069831     4 0000100086000000    1     0    1        0
   1069903     4 0000100094c00000    1     0    1        0
   1069905     4 0000100095a00000    1     0    1        0
   1069910     4 0000000000000000    1     0    1        0
   1069923     4 0000000000000000    1     0    1        0
   1069932     4 0000000000000000    1     0    1        0
   1069971     4 0000000000000000    1     0    1        0
   1069977     4 0000000000000000    1     0    1        0
   1069980     4 0000100002200000    1     0    0        0
   1069983     4 00001000abe00000    1     0    1        0
   1074176     4 0000000000000000    1     0    1        0
   1074178     4 0000000000000000    1     0    1        0
   1074180     4 0000000000000000    1     0    1        0
   1074186     4 0000100087200000    1     0    1        0
   1074190     4 0000100003e00000    1     0    0        0
   1074282     4 0000100040200000    1     0    0        0
   1074283     4 0000100040000000    1     0    0        0
   1074314     4 0000000000000000    1     0    1        0
   1074376     4 0000000000000000    1     0    1        0
   1074394     4 0000000000000000    1     0    1        0
   1074397     4 0000100049800000    1     0    0        0
   1074398     4 0000000000000000    1     0    1        0
   1074403     4 0000000000000000    1     0    1        0
   1074416     4 0000000000000000    1     0    1        0
   1074417     4 0000000000000000    1     0    1        0
   1074429     4 0000000000000000    1     0    1        0
   1074545     4 0000000000000000    1     0    1        0
   1074556     4 0000000000000000    1     0    1        0
   1074650     4 00001000a8400000    1     0    1        0
   1074655     4 0000000000000000    1     0    1        0
   1074656     4 0000000000000000    1     0    1        0
   1074665     4 0000000000000000    1     0    1        0
   1074666     4 0000000000000000    1     0    1        0
   1074789     4 0000100084800000    1     0    1        0
   1074875     4 0000100085000000    1     0    1        0
   1074876     4 000010004ca00000    1     0    0        0
   1074877     4 000010008fa00000    1     0    1        0
   1074897     4 0000000000000000    1     0    1        0
   1074898     4 0000000000000000    1     0    1        0
   1074970     4 0000000000000000    1     0    1        0
   1075050     4 0000000000000000    1     0    1        0
   1075154     4 0000000000000000    1     0    1        0
   1075157     4 0000000000000000    1     0    1        0
   1075162     4 0000000000000000    1     0    1        0
   1075163     4 0000000000000000    1     0    1        0
   1075187     4 0000000000000000    1     0    1        0
   1075196     4 0000000000000000    1     0    1        0
   1075197     4 0000000000000000    1     0    1        0
   1079302     4 0000000000000000    1     0    1        0
   1079304     4 000010008cc00000    1     0    1        0
   1079314     4 000010008a200000    1     0    1        0
   1079315     4 000010008a400000    1     0    1        0
   1079317     4 000010004e600000    1     0    0        0
   1079318     4 000010004d200000    1     0    0        0
   1079319     4 000010004d000000    1     0    0        0
   1079341     4 0000100082c00000    1     0    1        0
   1079427     4 0000000000000000    1     0    1        0
   1079458     4 0000000000000000    1     0    1        0
   1079666     4 0000000000000000    1     0    1        0
   1079710     4 0000100046000000    1     0    0        0
   1079720     4 00001000bb200000    1     0    1        0
   1079721     4 00001000bb400000    1     0    1        0
   1079722     4 00001000bb600000    1     0    1        0
   1079723     4 00001000bb800000    1     0    1        0
   1079724     4 00001000bba00000    1     0    1        0
   1079725     4 00001000bbc00000    1     0    1        0
   1079726     4 00001000bbe00000    1     0    1        0
   1079727     4 00001000bc000000    1     0    1        0
   1079728     4 0000100085c00000    1     0    1        0
   1079731     4 0000000000000000    1     0    1        0
   1079768     4 0000000000000000    1     0    1        0
   1079770     4 0000100044200000    1     0    0        0
   1079777     4 000010004e400000    1     0    0        0
   1079778     4 000010009b000000    1     0    1        0
   1079781     4 000010004be00000    1     0    0        0
   1079782     4 000010009a800000    1     0    1        0
   1079783     4 000010004c200000    1     0    0        0
   1079820     4 000010004f400000    1     0    0        0
   1079830     4 0000000000000000    1     0    1        0
   1079873     4 000010008fc00000    1     0    1        0
   1079896     4 000010008f000000    1     0    1        0
   1079897     4 0000100041400000    1     0    0        0
   1079898     4 000010004fe00000    1     0    0        0
   1079901     4 0000100084200000    1     0    1        0
   1080001     4 000010009a000000    1     0    1        0
   1080021     4 0000100002800000    1     0    0        0
   1080046     4 00001000a9e00000    1     0    1        0
   1080057     4 0000100095800000    1     0    1        0
   1080058     4 0000000000000000    1     0    1        0
   1080062     4 0000100098800000    1     0    1        0
   1080236     4 00001000a8a00000    1     0    1        0
   1089632     4 0000100001800000    1     0    0        0
   1089633     4 000010008ee00000    1     0    1        0
   1089656     4 0000000000000000    1     0    1        0
   1089659     4 0000000000000000    1     0    1        0
   1089660     4 0000000000000000    1     0    1        0
   1089661     4 0000000000000000    1     0    1        0
   1089662     4 0000000000000000    1     0    1        0
   1089663     4 0000000000000000    1     0    1        0
   1089664     4 0000000000000000    1     0    1        0
   1089665     4 0000000000000000    1     0    1        0
   1089683     4 0000000000000000    1     0    1        0
   1089724     4 0000000000000000    1     0    1        0
   1089727     4 0000000000000000    1     0    1        0
   1089728     4 0000000000000000    1     0    1        0
   1089792     4 0000100049e00000    1     0    0        0
   1089793     4 000010004d400000    1     0    0        0
   1089811     4 000010008f400000    1     0    1        0
   1089832     4 00001000b5600000    1     0    1        0
   1089833     4 00001000b5800000    1     0    1        0
   1089834     4 00001000b5a00000    1     0    1        0
   1089835     4 00001000b5c00000    1     0    1        0
   1089836     4 00001000b5e00000    1     0    1        0
   1089837     4 00001000b6000000    1     0    1        0
   1089838     4 00001000b6200000    1     0    1        0
   1089840     4 00001000b1000000    1     0    1        0
   1089841     4 00001000b1200000    1     0    1        0
   1089842     4 0000100099200000    1     0    1        0
   1089853     4 0000000000000000    1     0    1        0
   1089854     4 000010004b400000    1     0    0        0
   1089855     4 000010004b600000    1     0    0        0
   1089856     4 0000100092000000    1     0    1        0
   1089889     4 00001000aa400000    1     0    1        0
   1089890     4 00001000a9600000    1     0    1        0
   1089926     4 0000000000000000    1     0    1        0
   1089930     4 0000000000000000    1     0    1        0
   1089931     4 0000000000000000    1     0    1        0
   1089937     4 0000000000000000    1     0    1        0
   1089996     4 00001000b1c00000    1     0    1        0
   1089997     4 00001000b1e00000    1     0    1        0
   1090035     4 000010004f600000    1     0    0        0
   1090041     4 0000100090000000    1     0    1        0
   1090043     4 0000000000000000    1     0    1        0
   1090070     4 0000100086c00000    1     0    1        0
   1090095     4 0000000000000000    1     0    1        0
   1090096     4 0000000000000000    1     0    1        0
   1090104     4 0000000000000000    1     0    1        0
   1090106     4 0000000000000000    1     0    1        0
   1090107     4 0000000000000000    1     0    1        0
   1090108     4 0000000000000000    1     0    1        0
   1090109     4 0000000000000000    1     0    1        0
   1090110     4 0000000000000000    1     0    1        0
   1090111     4 0000000000000000    1     0    1        0
   1090116     4 0000000000000000    1     0    1        0
   1090118     4 0000000000000000    1     0    1        0
   1090119     4 0000000000000000    1     0    1        0
   1090122     4 0000000000000000    1     0    1        0
   1090126     4 0000000000000000    1     0    1        0
   1090127     4 0000000000000000    1     0    1        0
   1090178     4 0000000000000000    1     0    1        0
   1090192     4 0000100089a00000    1     0    1        0
   1090193     4 0000100089c00000    1     0    1        0
   1090195     4 0000100098600000    1     0    1        0
   1090224     4 00001000ae400000    1     0    1        0
   1090225     4 00001000ae600000    1     0    1        0
   1090226     4 00001000ae800000    1     0    1        0
   1090227     4 00001000aea00000    1     0    1        0
   1090229     4 00001000b2000000    1     0    1        0
   1090230     4 00001000b2200000    1     0    1        0
   1090231     4 00001000b2400000    1     0    1        0
   1090240     4 0000000000000000    1     0    1        0
   1090241     4 0000000000000000    1     0    1        0
   1090242     4 0000000000000000    1     0    1        0
   1090244     4 0000000000000000    1     0    1        0
   1090246     4 0000000000000000    1     0    1        0
   1090249     4 0000000000000000    1     0    1        0
   1090251     4 0000000000000000    1     0    1        0
   1090254     4 0000000000000000    1     0    1        0
   1090260     4 0000000000000000    1     0    1        0
   1090269     4 0000000000000000    1     0    1        0
   1090279     4 0000000000000000    1     0    1        0
   1090285     4 0000000000000000    1     0    1        0
   1090287     4 000010004e800000    1     0    0        0
   1090354     4 0000000000000000    1     0    1        0
   1090355     4 0000000000000000    1     0    1        0
   1090384     4 0000000000000000    1     0    1        0
   1090406     4 0000100086200000    1     0    1        0
   1090413     4 0000000000000000    1     0    1        0
   1090414     4 0000000000000000    1     0    1        0
   1090418     4 0000000000000000    1     0    1        0
   1090419     4 0000000000000000    1     0    1        0
   1090422     4 0000000000000000    1     0    1        0
   1090427     4 0000000000000000    1     0    1        0
   1090428     4 0000000000000000    1     0    1        0
   1090429     4 0000000000000000    1     0    1        0
   1094657     4 0000100047c00000    1     0    0        0
   1094660     4 000010008ec00000    1     0    1        0
   1094692     4 0000000000000000    1     0    1        0
   1094693     4 0000000000000000    1     0    1        0
   1094694     4 000010004ea00000    1     0    0        0
   1094704     4 0000000000000000    1     0    1        0
   1094715     4 0000000000000000    1     0    1        0
   1094717     4 0000000000000000    1     0    1        0
   1094733     4 0000000000000000    1     0    1        0
   1094734     4 0000000000000000    1     0    1        0
   1094757     4 0000100093800000    1     0    1        0
   1094938     4 0000000000000000    1     0    1        0
   1095170     4 000010004cc00000    1     0    0        0
   1095171     4 000010004ce00000    1     0    0        0
   1095172     4 0000000000000000    1     0    1        0
   1095173     4 0000000000000000    1     0    1        0
   1095178     4 0000100082600000    1     0    1        0
   1095182     4 0000100002e00000    1     0    0        0
   1095310     4 0000000000000000    1     0    1        0
   1095320     4 0000100094800000    1     0    1        0
   1095323     4 0000100045600000    1     0    0        0
   1095332     4 0000000000000000    1     0    1        0
   1095333     4 0000000000000000    1     0    1        0
   1095350     4 0000000000000000    1     0    1        0
   1095351     4 0000000000000000    1     0    1        0
   1095376     4 000010004ae00000    1     0    0        0
   1095377     4 000010004a400000    1     0    0        0
   1095378     4 0000100083600000    1     0    1        0
   1095384     4 0000100045e00000    1     0    0        0
   1095403     4 0000100003000000    1     0    0        0
   1095406     4 0000000000000000    1     0    1        0
   1095408     4 000010009ae00000    1     0    1        0
   1095423     4 0000000000000000    1     0    1        0
   1095438     4 0000000000000000    1     0    1        0
   1095446     4 0000100003800000    1     0    0        0
   1095454     4 0000100083e00000    1     0    1        0
   1095461     4 0000100000e00000    1     0    0        0
   1095474     4 0000000000000000    1     0    1        0
   1095479     4 000010008f200000    1     0    1        0
   1095481     4 00001000a5600000    1     0    1        0
   1095530     4 000010004da00000    1     0    0        0
   1095531     4 000010004dc00000    1     0    0        0
   1095545     4 00001000a8800000    1     0    1        0
   1095546     4 000010008d400000    1     0    1        0
   1095547     4 000010008d600000    1     0    1        0
   1095612     4 0000100083200000    1     0    1        0
   1095622     4 0000000000000000    1     0    1        0
   1095623     4 0000000000000000    1     0    1        0
   1095626     4 0000000000000000    1     0    1        0
   1095628     4 0000000000000000    1     0    1        0
   1095629     4 0000000000000000    1     0    1        0
   1095633     4 0000000000000000    1     0    1        0
   1095634     4 0000000000000000    1     0    1        0
   1095636     4 0000000000000000    1     0    1        0
   1095637     4 0000000000000000    1     0    1        0
   1095641     4 0000000000000000    1     0    1        0
   1095642     4 0000000000000000    1     0    1        0
   1095644     4 0000000000000000    1     0    1        0
   1095647     4 0000000000000000    1     0    1        0
   1095648     4 0000000000000000    1     0    1        0
   1095652     4 0000000000000000    1     0    1        0
   1095653     4 0000000000000000    1     0    1        0
   1095655     4 0000000000000000    1     0    1        0
   1095656     4 0000000000000000    1     0    1        0
   1095662     4 0000000000000000    1     0    1        0
   1095679     4 0000100043c00000    1     0    0        0
   1095693     4 0000100046400000    1     0    0        0
   1095694     4 0000100085600000    1     0    1        0
   1095706     4 0000100083000000    1     0    1        0
   1095712     4 0000100093e00000    1     0    1        0
   1095806     4 00001000af800000    1     0    1        0
   1095807     4 00001000afa00000    1     0    1        0
   1095947     4 0000000000000000    1     0    1        0
   1095992     4 000010004a600000    1     0    0        0
   1095993     4 000010004a800000    1     0    0        0
   1096032     4 00001000b3600000    1     0    1        0
   1096033     4 00001000b3800000    1     0    1        0
   1096034     4 00001000b3a00000    1     0    1        0
   1096035     4 00001000b3c00000    1     0    1        0
   1096036     4 00001000b3e00000    1     0    1        0
   1096037     4 00001000b4000000    1     0    1        0
   1096038     4 00001000b4200000    1     0    1        0
   1096039     4 00001000b4400000    1     0    1        0
   1096040     4 00001000aa200000    1     0    1        0
   1096068     4 0000100097a00000    1     0    1        0
   1096069     4 000010004c000000    1     0    0        0
   1096070     4 0000000000000000    1     0    1        0
   1096110     4 0000100080600000    1     0    1        0
   1096146     4 0000100002c00000    1     0    0        0
   1096150     4 0000000000000000    1     0    1        0
   1096161     4 0000100041a00000    1     0    0        0
   1096162     4 0000100042c00000    1     0    0        0
   1096163     4 0000100043200000    1     0    0        0
   1096164     4 0000100047e00000    1     0    0        0
   1096167     4 0000100083400000    1     0    1        0
   1096300     4 0000100045200000    1     0    0        0
   1096350     4 000010008e600000    1     0    1        0
   1096351     4 000010008ea00000    1     0    1        0
   1096369     4 0000100043e00000    1     0    0        0
   1096370     4 0000000000000000    1     0    1        0
   1096371     4 0000000000000000    1     0    1        0
   1096385     4 0000000000000000    1     0    1        0
   1096425     4 0000100040e00000    1     0    0        0
   1096426     4 0000100044400000    1     0    0        0
   1096427     4 0000000000000000    1     0    1        0
   1096456     4 00001000b6400000    1     0    1        0
   1096457     4 00001000b6600000    1     0    1        0
   1096458     4 00001000b6800000    1     0    1        0
   1096459     4 00001000b6a00000    1     0    1        0
   1096460     4 00001000b6c00000    1     0    1        0
   1096461     4 00001000b6e00000    1     0    1        0
   1096462     4 00001000b7000000    1     0    1        0
   1096463     4 00001000b7200000    1     0    1        0
   1096489     4 000010004f800000    1     0    0        0
   1096494     4 0000100099c00000    1     0    1        0
   1096540     4 0000000000000000    1     0    1        0
   1096548     4 0000000000000000    1     0    1        0
   1096555     4 0000100001000000    1     0    0        0
   1096558     4 00001000b1400000    1     0    1        0
   1096559     4 00001000b1600000    1     0    1        0
   1096592     4 000010004fa00000    1     0    0        0
   1096594     4 0000000000000000    1     0    1        0
   1096600     4 00001000a7a00000    1     0    1        0
   1096604     4 0000000000000000    1     0    1        0
   1096607     4 0000000000000000    1     0    1        0
   1096636     4 0000100098e00000    1     0    1        0
   1096638     4 00001000b0800000    1     0    1        0
   1096639     4 00001000b0a00000    1     0    1        0
   1096652     4 0000100087400000    1     0    1        0
   1096662     4 0000000000000000    1     0    1        0
   1096663     4 0000000000000000    1     0    1        0
   1096664     4 0000000000000000    1     0    1        0
   1096666     4 0000000000000000    1     0    1        0
   1096667     4 0000000000000000    1     0    1        0
   1096670     4 0000000000000000    1     0    1        0
   1096672     4 0000000000000000    1     0    1        0
   1096676     4 0000100042800000    1     0    0        0
   1096689     4 00001000a5400000    1     0    1        0
   1099777     4 0000000000000000    1     0    1        0
   1099779     4 0000000000000000    1     0    1        0
   1099784     4 0000000000000000    1     0    1        0
   1099787     4 0000000000000000    1     0    1        0
   1099788     4 0000000000000000    1     0    1        0
   1099789     4 0000000000000000    1     0    1        0
   1099792     4 0000000000000000    1     0    1        0
   1099794     4 0000000000000000    1     0    1        0
   1099805     4 0000000000000000    1     0    1        0
   1099809     4 0000000000000000    1     0    1        0
   1099812     4 0000000000000000    1     0    1        0
   1099813     4 0000000000000000    1     0    1        0
   1099814     4 0000000000000000    1     0    1        0
   1099815     4 0000000000000000    1     0    1        0
   1099818     4 0000100043600000    1     0    0        0
   1099819     4 0000100043a00000    1     0    0        0
   1100008     4 0000100090400000    1     0    1        0
   1100028     4 0000100084a00000    1     0    1        0
   1100064     4 0000100082a00000    1     0    1        0
   1100066     4 0000000000000000    1     0    1        0
   1100070     4 00001000afc00000    1     0    1        0
   1100071     4 00001000afe00000    1     0    1        0
   1100120     4 00001000ba200000    1     0    1        0
   1100121     4 00001000ba400000    1     0    1        0
   1100122     4 00001000ba600000    1     0    1        0
   1100123     4 00001000ba800000    1     0    1        0
   1100124     4 00001000baa00000    1     0    1        0
   1100125     4 00001000bac00000    1     0    1        0
   1100126     4 00001000bae00000    1     0    1        0
   1100127     4 00001000bb000000    1     0    1        0
   1100242     4 0000000000000000    1     0    1        0
   1100256     4 0000000000000000    1     0    1        0
   1100257     4 0000000000000000    1     0    1        0
   1100259     4 0000000000000000    1     0    1        0
   1100267     4 0000000000000000    1     0    1        0
   1100272     4 0000000000000000    1     0    1        0
   1100273     4 0000000000000000    1     0    1        0
   1100287     4 0000100092e00000    1     0    1        0
   1100350     4 0000100045c00000    1     0    0        0
   1100358     4 0000000000000000    1     0    1        0
   1100364     4 000010008f600000    1     0    1        0
   1100376     4 0000000000000000    1     0    1        0
   1100382     4 0000100002a00000    1     0    0        0
   1100384     4 0000100094e00000    1     0    1        0
   1100399     4 0000100001400000    1     0    0        0
   1100404     4 0000000000000000    1     0    1        0
   1100405     4 0000000000000000    1     0    1        0
   1100406     4 0000000000000000    1     0    1        0
   1100410     4 0000000000000000    1     0    1        0
   1100413     4 0000000000000000    1     0    1        0
   1100415     4 0000000000000000    1     0    1        0
   1100417     4 00001000aac00000    1     0    1        0
   1100571     4 0000000000000000    1     0    1        0
   1104930     4 0000100044e00000    1     0    0        0
   1104932     4 0000000000000000    1     0    1        0
   1104964     4 0000000000000000    1     0    1        0
   1104966     4 0000000000000000    1     0    1        0
   1104980     4 0000000000000000    1     0    1        0
   1105010     4 0000000000000000    1     0    1        0
   1105011     4 0000100086600000    1     0    1        0
   1105048     4 0000000000000000    1     0    1        0
   1105049     4 0000000000000000    1     0    1        0
   1105051     4 000010009a400000    1     0    1        0
   1105052     4 0000000000000000    1     0    1        0
   1105066     4 0000100093a00000    1     0    1        0
   1105082     4 0000100040a00000    1     0    0        0
   1105083     4 0000100000600000    1     0    0        0
   1105092     4 0000000000000000    1     0    1        0
   1105098     4 0000100085800000    1     0    1        0
   1105124     4 00001000a4000000    1     0    1        0
   1105244     4 0000000000000000    1     0    1        0
   1105245     4 0000000000000000    1     0    1        0
   1105328     4 00001000ad400000    1     0    1        0
   1105329     4 00001000ad600000    1     0    1        0
   1105330     4 00001000ad800000    1     0    1        0
   1105331     4 00001000ada00000    1     0    1        0
   1105332     4 00001000adc00000    1     0    1        0
   1105333     4 00001000ade00000    1     0    1        0
   1105334     4 00001000ae000000    1     0    1        0
   1105335     4 00001000ae200000    1     0    1        0
   1105340     4 0000100085a00000    1     0    1        0
   1105343     4 000010009aa00000    1     0    1        0
   1124628     4 0000100041c00000    1     0    0        0
   1124646     4 0000100098400000    1     0    1        0
   1124661     4 0000100044600000    1     0    0        0
   1124664     4 00001000ac400000    1     0    1        0
   1124665     4 00001000ac600000    1     0    1        0
   1124666     4 00001000ac800000    1     0    1        0
   1124667     4 00001000aca00000    1     0    1        0
   1124668     4 00001000acc00000    1     0    1        0
   1124669     4 00001000ace00000    1     0    1        0
   1124670     4 00001000ad000000    1     0    1        0
   1124671     4 00001000ad200000    1     0    1        0
   1124681     4 0000000000000000    1     0    1        0
   1124696     4 0000100091800000    1     0    1        0
   1124752     4 00001000b2600000    1     0    1        0
   1124753     4 00001000b2800000    1     0    1        0
   1124754     4 00001000b2a00000    1     0    1        0
   1124755     4 00001000b2c00000    1     0    1        0
   1124756     4 00001000b2e00000    1     0    1        0
   1124757     4 00001000b3000000    1     0    1        0
   1124758     4 00001000b3200000    1     0    1        0
   1124759     4 00001000b3400000    1     0    1        0
   1124817     4 0000000000000000    1     0    1        0
   1124824     4 000010009d200000    1     0    1        0
   1124825     4 000010009d400000    1     0    1        0
   1124826     4 000010009d600000    1     0    1        0
   1124827     4 000010009d800000    1     0    1        0
   1124828     4 000010009da00000    1     0    1        0
   1124829     4 000010009dc00000    1     0    1        0
   1124830     4 000010009de00000    1     0    1        0
   1124831     4 000010009e000000    1     0    1        0
   1124836     4 0000100094200000    1     0    1        0
   1124840     4 0000100001a00000    1     0    0        0
   1124864     4 00001000ab800000    1     0    1        0
   1124869     4 0000100003400000    1     0    0        0
   1124875     4 0000000000000000    1     0    1        0
   1124972     4 0000100045400000    1     0    0        0
   1124980     4 0000100085e00000    1     0    1        0
   1124981     4 0000100081a00000    1     0    1        0
   1124983     4 0000100049200000    1     0    0        0
   1124988     4 0000100088600000    1     0    1        0
   1125034     4 0000100081400000    1     0    1        0
   1125043     4 000010004ee00000    1     0    0        0
   1125044     4 000010008ce00000    1     0    1        0
   1125048     4 0000100080a00000    1     0    1        0
   1125049     4 0000100080800000    1     0    1        0
   1125050     4 0000100081200000    1     0    1        0
   1125051     4 0000100082000000    1     0    1        0
   1125053     4 0000100081600000    1     0    1        0
   1125054     4 0000100081c00000    1     0    1        0
   1125072     4 000010009a600000    1     0    1        0
   1125075     4 0000100000a00000    1     0    0        0
   1125080     4 0000100084600000    1     0    1        0
   1125082     4 0000100043800000    1     0    0        0
   1125083     4 0000100042a00000    1     0    0        0
   1125084     4 0000100042000000    1     0    0        0
   1125085     4 000010008aa00000    1     0    1        0
   1125120     4 000010004f200000    1     0    0        0
   1125123     4 0000100044000000    1     0    0        0
   1125126     4 0000100042400000    1     0    0        0
   1125127     4 0000100042600000    1     0    0        0
   1125294     4 0000100049600000    1     0    0        0
   1125320     4 000010004ec00000    1     0    0        0
   1133877     4 0000100099800000    1     0    1        0
   1133878     4 00001000b0000000    1     0    1        0
   1133879     4 00001000b0200000    1     0    1        0
   1133936     4 000010008fe00000    1     0    1        0
   1133940     4 0000000000000000    1     0    1        0
   1133943     4 0000000000000000    1     0    1        0
   1133944     4 0000000000000000    1     0    1        0
   1150464     4 0000100093400000    1     0    1        0
   1150465     4 0000100093600000    1     0    1        0
   1150466     4 0000100093000000    1     0    1        0
   1150467     4 0000100093200000    1     0    1        0
   1150468     4 0000100092200000    1     0    1        0
   1150469     4 0000100092800000    1     0    1        0
   1150470     4 0000100092c00000    1     0    1        0
   1150471     4 0000100092a00000    1     0    1        0
   1150485     4 0000100002600000    1     0    0        0
   1150644     4 0000100003600000    1     0    0        0
   1150652     4 00001000aec00000    1     0    1        0
   1150653     4 00001000aee00000    1     0    1        0
   1150666     4 0000000000000000    1     0    1        0
   1150800     4 000010004e000000    1     0    0        0
   1150802     4 0000100041200000    1     0    0        0
   1150940     4 000010009ac00000    1     0    1        0
   1150941     4 0000000000000000    1     0    1        0
   1150942     4 0000100099e00000    1     0    1        0
   1150947     4 00001000aaa00000    1     0    1        0
   1150950     4 00001000ab400000    1     0    1        0
   1150964     4 0000000000000000    1     0    1        0
   1153605     4 0000100080200000    1     0    1        0
   1153606     4 0000100080000000    1     0    1        0
   1153608     4 0000100091400000    1     0    1        0
   1153609     4 0000100089800000    1     0    1        0
   1153788     4 0000000000000000    1     0    1        0
   1153890     4 0000100094600000    1     0    1        0
   1153897     4 0000100000000000    1     0    0        0
   1154019     4 000010004bc00000    1     0    0        0
   1155591     4 0000100095200000    1     0    1        0
   1155616     4 00001000b4600000    1     0    1        0
   1155617     4 00001000b4800000    1     0    1        0
   1155618     4 00001000b4a00000    1     0    1        0
   1155619     4 00001000b4c00000    1     0    1        0
   1155620     4 00001000b4e00000    1     0    1        0
   1155621     4 00001000b5000000    1     0    1        0
   1155622     4 00001000b5200000    1     0    1        0
   1155623     4 00001000b5400000    1     0    1        0
   1155624     4 0000100040600000    1     0    0        0
   1155625     4 0000100040400000    1     0    0        0
   1155635     4 0000100087000000    1     0    1        0
   1155645     4 0000100089200000    1     0    1        0
   1155650     4 000010004de00000    1     0    0        0
   1155652     4 00001000aa800000    1     0    1        0
   1155850     4 0000100082400000    1     0    1        0
   1155854     4 000010008dc00000    1     0    1        0
   1155855     4 000010008d200000    1     0    1        0
   1155912     4 00001000b8400000    1     0    1        0
   1155913     4 00001000b8600000    1     0    1        0
   1155914     4 00001000b8800000    1     0    1        0
   1155915     4 00001000b8a00000    1     0    1        0
   1155916     4 00001000b8c00000    1     0    1        0
   1155917     4 00001000b8e00000    1     0    1        0
   1155918     4 00001000b9000000    1     0    1        0
   1155919     4 00001000b9200000    1     0    1        0
   1155920     4 00001000a7e00000    1     0    1        0
   1156042     4 000010008e800000    1     0    1        0
   1156043     4 000010008e200000    1     0    1        0
   1156047     4 0000100049a00000    1     0    0        0
   1156088     4 0000100001c00000    1     0    0        0
   1156089     4 0000000000000000    1     0    1        0
   1158308     4 0000100098c00000    1     0    1        0
   1158318     4 00001000ac000000    1     0    1        0
   1158319     4 0000100086400000    1     0    1        0
   1158327     4 0000100095600000    1     0    1        0
   1158668     4 0000000000000000    1     0    1        0
   1158785     4 0000100049000000    1     0    0        0
   1158799     4 000010009b200000    1     0    1        0
   1158816     4 0000000000000000    1     0    1        0
   1158817     4 0000000000000000    1     0    1        0
   1158818     4 0000000000000000    1     0    1        0
   1158819     4 0000000000000000    1     0    1        0
   1158820     4 0000000000000000    1     0    1        0
   1158821     4 0000000000000000    1     0    1        0
   1158823     4 0000000000000000    1     0    1        0
   1158897     4 0000100048600000    1     0    0        0
   1158898     4 0000100094400000    1     0    1        0
   1158901     4 0000100003200000    1     0    0        0
   1158903     4 000010008e000000    1     0    1        0
   1158982     4 000010004ba00000    1     0    0        0
   1158983     4 000010004b800000    1     0    0        0
   1158996     4 000010004b200000    1     0    0        0
   1158997     4 000010004b000000    1     0    0        0
   1159000     4 0000100046800000    1     0    0        0
   1159001     4 0000100046a00000    1     0    0        0
   1159002     4 0000100046c00000    1     0    0        0
   1159003     4 0000100046e00000    1     0    0        0
   1159004     4 0000100047000000    1     0    0        0
   1159005     4 0000100047200000    1     0    0        0
   1159006     4 0000100047400000    1     0    0        0
   1159007     4 0000100047600000    1     0    0        0
   1159073     4 000010009f200000    1     0    1        0
   1159074     4 000010009f400000    1     0    1        0
   1159075     4 000010009f600000    1     0    1        0
   1159076     4 000010009f800000    1     0    1        0
   1159077     4 000010009fa00000    1     0    1        0
   1159078     4 000010009fc00000    1     0    1        0
   1159079     4 000010009fe00000    1     0    1        0
   1160708     4 0000100087800000    1     0    1        0
   1160734     4 0000100088800000    1     0    1        0
   1160810     4 0000100097800000    1     0    1        0
   1160813     4 00001000ab200000    1     0    1        0
   1161867     4 0000100080c00000    1     0    1        0
   1161869     4 0000100081000000    1     0    1        0
   1161870     4 0000100080e00000    1     0    1        0
   1161896     4 000010008be00000    1     0    1        0
   1161897     4 0000100003a00000    1     0    0        0
   1165648     4 0000100084e00000    1     0    1        0
   1165649     4 0000100000c00000    1     0    0        0
   1165668     4 000010004c600000    1     0    0        0
   1165669     4 000010004c800000    1     0    0        0
   1167924     4 000010008c800000    1     0    1        0
   1167925     4 000010008ca00000    1     0    1        0
   1167933     4 0000100087c00000    1     0    1        0
   1168128     4 0000100093c00000    1     0    1        0
   1168129     4 0000100096a00000    1     0    1        0
   1168130     4 0000100097000000    1     0    1        0
   1168131     4 0000100097400000    1     0    1        0
   1168132     4 0000100097200000    1     0    1        0
   1168133     4 0000100096c00000    1     0    1        0
   1168134     4 0000100096e00000    1     0    1        0
   1168135     4 0000100096200000    1     0    1        0
   1168136     4 0000100096400000    1     0    1        0
   1168137     4 0000100096800000    1     0    1        0
   1168138     4 0000100096600000    1     0    1        0
   1168139     4 0000100095c00000    1     0    1        0
   1168140     4 0000100095e00000    1     0    1        0
   1168141     4 0000100096000000    1     0    1        0
   1168154     4 00001000abc00000    1     0    1        0
   1168156     4 00001000b0400000    1     0    1        0
   1168157     4 00001000b0600000    1     0    1        0
   1168159     4 0000100099000000    1     0    1        0
   1168212     4 0000100088e00000    1     0    1        0
   1168929     4 0000100088400000    1     0    1        0
   1168948     4 00001000a9000000    1     0    1        0
   1168951     4 00001000a9400000    1     0    1        0
   1169020     4 0000100048400000    1     0    0        0
   1169023     4 0000100091200000    1     0    1        0
   1169080     4 00001000bf000000    1     0    1        0
   1169081     4 00001000bf200000    1     0    1        0
   1169082     4 00001000bf400000    1     0    1        0
   1169083     4 00001000bf600000    1     0    1        0
   1169084     4 00001000bf800000    1     0    1        0
   1169085     4 00001000bfa00000    1     0    1        0
   1169086     4 00001000bfc00000    1     0    1        0
   1169087     4 00001000bfe00000    1     0    1        0
   1169120     4 000010008da00000    1     0    1        0
   1169121     4 000010008de00000    1     0    1        0
   1169126     4 00001000b1800000    1     0    1        0
   1169127     4 00001000b1a00000    1     0    1        0
   1169129     4 0000000000000000    1     0    1        0
   1169167     4 0000100045800000    1     0    0        0
   1169245     4 00001000aa000000    1     0    1        0
   1169247     4 000010004f000000    1     0    0        0
   1169251     4 0000100088000000    1     0    1        0
   1169265     4 0000100082200000    1     0    1        0
   1169274     4 0000100081800000    1     0    1        0
   1169278     4 0000100099a00000    1     0    1        0
   1169279     4 0000100046600000    1     0    0        0
   1169296     4 000010009e200000    1     0    1        0
   1169297     4 000010009e400000    1     0    1        0
   1169298     4 000010009e600000    1     0    1        0
   1169299     4 000010009e800000    1     0    1        0
   1169300     4 000010009ea00000    1     0    1        0
   1169301     4 000010009ec00000    1     0    1        0
   1169302     4 000010009ee00000    1     0    1        0
   1169303     4 000010009f000000    1     0    1        0
   1171611     4 0000000000000000    1     0    1        0
   1171648     4 00001000bd200000    1     0    1        0
   1171649     4 00001000bd400000    1     0    1        0
   1171650     4 00001000bd600000    1     0    1        0
   1171651     4 00001000bd800000    1     0    1        0
   1171652     4 00001000bda00000    1     0    1        0
   1171653     4 00001000bdc00000    1     0    1        0
   1171654     4 00001000bde00000    1     0    1        0
   1171655     4 00001000be000000    1     0    1        0
   1173704     4 00001000aa600000    1     0    1        0
   1173705     4 0000100048c00000    1     0    0        0
   1173720     4 00001000bc200000    1     0    1        0
   1173721     4 00001000bc400000    1     0    1        0
   1173722     4 00001000bc600000    1     0    1        0
   1173723     4 00001000bc800000    1     0    1        0
   1173724     4 00001000bca00000    1     0    1        0
   1173725     4 00001000bcc00000    1     0    1        0
   1173726     4 00001000bce00000    1     0    1        0
   1173727     4 00001000bd000000    1     0    1        0
   1173730     4 0000000000000000    1     0    1        0
   1173736     4 0000100044c00000    1     0    0        0
   1173737     4 00001000a8c00000    1     0    1        0
   1173742     4 000010008a600000    1     0    1        0
   1173753     4 0000000000000000    1     0    1        0
   1173758     4 0000000000000000    1     0    1        0
   1174672     4 00001000a7c00000    1     0    1        0
   1174680     4 00001000af400000    1     0    1        0
   1174681     4 00001000af600000    1     0    1        0
   1174685     4 00001000aae00000    1     0    1        0
   1174687     4 000010008b000000    1     0    1        0
   1176470     4 0000000000000000    1     0    1        0
   1179121     4 0000100094000000    1     0    1        0
   1179179     4 0000000000000000    1     0    1        0
   1179180     4 0000000000000000    1     0    1        0
   1179716     4 0000100083800000    1     0    1        0
   1179752     4 0000100047800000    1     0    0        0
   1179753     4 0000100047a00000    1     0    0        0
   1179754     4 0000100091e00000    1     0    1        0
   1179755     4 0000100091c00000    1     0    1        0
   1181187     4 0000000000000000    1     0    1        0
   1181188     4 0000100082800000    1     0    1        0
   1184447     4 0000100041600000    1     0    0        0
   1184481     4 0000100095400000    1     0    1        0
   1184482     4 00001000a3e00000    1     0    1        0
   1184485     4 00001000a4200000    1     0    1        0
   1184486     4 0000100098200000    1     0    1        0
   1184487     4 0000100098000000    1     0    1        0
   1184488     4 00001000a4c00000    1     0    1        0
   1184489     4 00001000a4e00000    1     0    1        0
   1184490     4 00001000a5200000    1     0    1        0
   1184491     4 00001000a4400000    1     0    1        0
   1184492     4 00001000a4600000    1     0    1        0
   1184493     4 00001000a4800000    1     0    1        0
   1184494     4 00001000a4a00000    1     0    1        0
   1184495     4 00001000a5000000    1     0    1        0
   1184496     4 00001000a5800000    1     0    1        0
   1184497     4 00001000a5a00000    1     0    1        0
   1184498     4 00001000a5c00000    1     0    1        0
   1184499     4 00001000a5e00000    1     0    1        0
   1184500     4 00001000a6000000    1     0    1        0
   1184501     4 00001000a6200000    1     0    1        0
   1184502     4 00001000a6400000    1     0    1        0
   1184503     4 00001000a6600000    1     0    1        0
   1184504     4 00001000a6800000    1     0    1        0
   1184505     4 00001000a6a00000    1     0    1        0
   1184506     4 00001000a6c00000    1     0    1        0
   1184507     4 00001000a6e00000    1     0    1        0
   1184508     4 00001000a7000000    1     0    1        0
   1184509     4 00001000a7200000    1     0    1        0
   1184510     4 00001000a7400000    1     0    1        0
   1184511     4 00001000a7600000    1     0    1        0
   1194855     4 000010004a000000    1     0    0        0
   1194870     4 00001000ab000000    1     0    1        0
   1200686     4 0000000000000000    1     0    1        0
   1200687     4 0000000000000000    1     0    1        0
   1200808     4 0000000000000000    1     0    1        0
   1200850     4 0000100040c00000    1     0    0        0
   1200851     4 0000100043400000    1     0    0        0
   1200890     4 00001000ab600000    1     0    1        0
   1200891     4 0000100097c00000    1     0    1        0
   1200892     4 0000100043000000    1     0    0        0
   1200893     4 0000100042e00000    1     0    0        0
   1200894     4 00001000a9200000    1     0    1        0
   1200899     4 0000100094a00000    1     0    1        0
   1200907     4 000010008f800000    1     0    1        0
   1201630     4 0000100000400000    1     0    0        0
   1205256     4 0000100042200000    1     0    0        0
   1205258     4 0000000000000000    1     0    1        0
   1205464     4 00001000be200000    1     0    1        0
   1205465     4 00001000be400000    1     0    1        0
   1205467     4 00001000be600000    1     0    1        0
   1205468     4 00001000be800000    1     0    1        0
   1205469     4 00001000bea00000    1     0    1        0
   1205470     4 00001000bec00000    1     0    1        0
   1205471     4 00001000bee00000    1     0    1        0
   1206664     4 000010009c200000    1     0    1        0
   1206665     4 000010009c400000    1     0    1        0
   1206666     4 000010009c600000    1     0    1        0
   1206667     4 000010009c800000    1     0    1        0
   1206668     4 000010009ca00000    1     0    1        0
   1206669     4 000010009cc00000    1     0    1        0
   1206670     4 000010009ce00000    1     0    1        0
   1206671     4 000010009d000000    1     0    1        0
   1206672     4 000010008ba00000    1     0    1        0
   1206673     4 000010008a800000    1     0    1        0
   1206674     4 000010008c600000    1     0    1        0
   1206675     4 000010008b200000    1     0    1        0
   1206676     4 000010008b400000    1     0    1        0
   1206677     4 000010008c000000    1     0    1        0
   1206678     4 000010008b600000    1     0    1        0
   1206679     4 000010008bc00000    1     0    1        0
   1206680     4 000010008b800000    1     0    1        0
   1206681     4 000010008c400000    1     0    1        0
   1206682     4 000010008ac00000    1     0    1        0
   1206683     4 000010008ae00000    1     0    1        0
   1206685     4 0000100091a00000    1     0    1        0
   1206742     4 0000000000000000    1     0    1        0
   1206743     4 0000100048000000    1     0    0        0
   1206768     4 0000000000000000    1     0    1        0
   1206778     4 0000100089400000    1     0    1        0
   1207044     4 0000100001600000    1     0    0        0
   1207056     4 00001000a1000000    1     0    1        0
   1207057     4 00001000a1200000    1     0    1        0
   1207058     4 00001000a1400000    1     0    1        0
   1207059     4 00001000a1600000    1     0    1        0
   1207060     4 00001000a1800000    1     0    1        0
   1207061     4 00001000a1a00000    1     0    1        0
   1207062     4 00001000a1c00000    1     0    1        0
   1207063     4 00001000a1e00000    1     0    1        0
   1207072     4 0000100089600000    1     0    1        0
   1207131     4 0000100048200000    1     0    0        0
   1207139     4 0000100098a00000    1     0    1        0
   1207183     4 0000100000200000    1     0    0        0
   1207201     4 0000100090800000    1     0    1        0
   1207202     4 000010008d000000    1     0    1        0
   1207204     4 0000100088200000    1     0    1        0
   1207205     4 000010008c200000    1     0    1        0
   1207209     4 0000100087e00000    1     0    1        0
   1207224     4 0000100092400000    1     0    1        0
   1207225     4 0000100092600000    1     0    1        0
   1207227     4 0000000000000000    1     0    1        0
   1207228     4 0000100089e00000    1     0    1        0
   1207229     4 000010008a000000    1     0    1        0
   1207260     4 0000100088a00000    1     0    1        0
   1208067     4 0000000000000000    1     0    1        0
   1208068     4 0000000000000000    1     0    1        0
   1208121     4 000010004c400000    1     0    0        0
   1210058     4 0000100044800000    1     0    0        0
   1210059     4 0000100044a00000    1     0    0        0
   1210261     4 0000000000000000    1     0    1        0
   1210279     4 000010004a200000    1     0    0        0
   1210283     4 0000100040800000    1     0    0        0
   1210287     4 0000100084c00000    1     0    1        0
   1210304     4 00001000a2000000    1     0    1        0
   1210305     4 00001000a2200000    1     0    1        0
   1210306     4 00001000a2400000    1     0    1        0
   1210307     4 00001000a2600000    1     0    1        0
   1210308     4 00001000a2800000    1     0    1        0
   1210309     4 00001000a2a00000    1     0    1        0
   1210310     4 00001000a2c00000    1     0    1        0
   1210311     4 00001000a2e00000    1     0    1        0
   1210320     4 00001000a3000000    1     0    1        0
   1210321     4 00001000a3200000    1     0    1        0
   1210322     4 00001000a3400000    1     0    1        0
   1210323     4 00001000a3600000    1     0    1        0
   1210324     4 00001000a3800000    1     0    1        0
   1210325     4 00001000a3a00000    1     0    1        0
   1210326     4 00001000a3c00000    1     0    1        0
   1210332     4 0000100000800000    1     0    0        0
   1210333     4 0000100083c00000    1     0    1        0
   1210352     4 00001000b7400000    1     0    1        0
   1210353     4 00001000b7600000    1     0    1        0
   1210354     4 00001000b7800000    1     0    1        0
   1210355     4 00001000b7a00000    1     0    1        0
   1210356     4 00001000b7c00000    1     0    1        0
   1210357     4 00001000b7e00000    1     0    1        0
   1210358     4 00001000b8000000    1     0    1        0
   1210359     4 00001000b8200000    1     0    1        0
   1210366     4 0000100087a00000    1     0    1        0
   1211368     4 0000100090e00000    1     0    1        0
   1211371     4 0000100090a00000    1     0    1        0
   1211372     4 0000100090c00000    1     0    1        0
   1211374     4 0000100097600000    1     0    1        0
   1211383     4 0000100088c00000    1     0    1        0
   1211514     4 000010008e400000    1     0    1        0
   1211515     4 000010008d800000    1     0    1        0
   1211519     4 000010009a200000    1     0    1        0
   1211584     4 00001000b9400000    1     0    1        0
   1211585     4 00001000b9600000    1     0    1        0
   1211586     4 00001000b9800000    1     0    1        0
   1211587     4 00001000b9a00000    1     0    1        0
   1211588     4 00001000b9c00000    1     0    1        0
   1211589     4 00001000b9e00000    1     0    1        0
   1211591     4 00001000ba000000    1     0    1        0
   1211614     4 0000000000000000    1     0    1        0
   1213106     4 0000100049c00000    1     0    0        0
   1213910     4 000010004aa00000    1     0    0        0
   1213911     4 000010004ac00000    1     0    0        0
   1213922     4 0000000000000000    1     0    1        0
   1213944     4 0000000000000000    1     0    1        0
   1213948     4 0000000000000000    1     0    1        0
   1213949     4 0000000000000000    1     0    1        0
