      pfn level             va_base refs stale meta children
   1049309     4 0000100002000000    1     0    1        0
   1049337     4 0000100003c00000    1     0    1        0
   1049436     4 0000100002400000    1     0    1        0
   1049445     4 0000000000000000    1     0    1        0
   1049502     4 0000100001200000    1     0    1        0
   1049521     4 0000000000000000    1     0    1        0
   1051543     4 0000000000000000    1     0    1        0
   1051619     4 0000000000000000    1     0    1        0
   1052198     4 0000000000000000    1     0    1        0
   1053162     4 0000000000000000    1     0    1        0
   1058160     4 0000000000000000    1     0    1        0
   1058161     4 0000000000000000    1     0    1        0
   1058162     4 0000000000000000    1     0    1        0
   1058180     4 0000000000000000    1     0    1        0
   1058192     4 0000000000000000    1     0    1        0
   1058700     4 0000000000000000    1     0    1        0
   1058704     4 0000000000000000    1     0    1        0
   1058721     4 0000000000000000    1     0    1        0
   1058723     4 0000000000000000    1     0    1        0
   1058724     4 0000000000000000    1     0    1        0
   1058725     4 0000000000000000    1     0    1        0
   1058726     4 0000000000000000    1     0    1        0
   1058728     4 0000000000000000    1     0    1        0
   1058729     4 0000000000000000    1     0    1        0
   1058731     4 0000000000000000    1     0    1        0
   1058735     4 0000000000000000    1     0    1        0
   1058738     4 0000000000000000    1     0    1        0
   1058739     4 0000000000000000    1     0    1        0
   1058748     4 0000000000000000    1     0    1        0
   1058751     4 0000000000000000    1     0    1        0
   1058768     4 0000000000000000    1     0    1        0
   1058790     4 0000100001e00000    1     0    1        0
   1058794     4 0000000000000000    1     0    1        0
   1058818     4 0000000000000000    1     0    1        0
   1058819     4 0000000000000000    1     0    1        0
   1059272     4 0000000000000000    1     0    1        0
   1059303     4 0000000000000000    1     0    1        0
   1059306     4 0000000000000000    1     0    1        0
   1059307     4 0000000000000000    1     0    1        0
   1059308     4 0000000000000000    1     0    1        0
   1059309     4 0000000000000000    1     0    1        0
   1059310     4 0000000000000000    1     0    1        0
   1059526     4 0000000000000000    1     0    1        0
   1059785     4 0000000000000000    1     0    1        0
   1059786     4 0000000000000000    1     0    1        0
   1059787     4 0000000000000000    1     0    1        0
   1059788     4 0000000000000000    1     0    1        0
   1059823     4 0000000000000000    1     0    1        0
   1059835     4 0000000000000000    1     0    1        0
   1060864     4 0000000000000000    1     0    1        0
   1060865     4 0000000000000000    1     0    1        0
   1060866     4 0000000000000000    1     0    1        0
   1061204     4 0000000000000000    1     0    1        0
   1061205     4 0000000000000000    1     0    1        0
   1061232     4 0000000000000000    1     0    1        0
   1061240     4 0000000000000000    1     0    1        0
   1061303     4 0000000000000000    1     0    1        0
   1061304     4 0000000000000000    1     0    1        0
   1061307     4 0000000000000000    1     0    1        0
   1061310     4 0000000000000000    1     0    1        0
   1061313     4 0000000000000000    1     0    1        0
   1061314     4 0000000000000000    1     0    1        0
   1061315     4 0000000000000000    1     0    1        0
   1061318     4 0000000000000000    1     0    1        0
   1061320     4 0000000000000000    1     0    1        0
   1061322     4 0000000000000000    1     0    1        0
   1061353     4 0000000000000000    1     0    1        0
   1061368     4 0000000000000000    1     0    1        0
   1061459     4 0000000000000000    1     0    1        0
   1061624     4 0000000000000000    1     0    1        0
   1061625     4 0000000000000000    1     0    1        0
   1061631     4 0000000000000000    1     0    1        0
   1061638     4 0000000000000000    1     0    1        0
   1061641     4 0000000000000000    1     0    1        0
   1061644     4 0000000000000000    1     0    1        0
   1061645     4 0000000000000000    1     0    1        0
   1061648     4 0000000000000000    1     0    1        0
   1061650     4 0000000000000000    1     0    1        0
   1061655     4 0000000000000000    1     0    1        0
   1061689     4 0000000000000000    1     0    1        0
   1061701     4 0000000000000000    1     0    1        0
   1061710     4 0000000000000000    1     0    1        0
   1061776     4 0000000000000000    1     0    1        0
   1061808     4 0000000000000000    1     0    1        0
   1069008     4 0000000000000000    1     0    1        0
   1069063     4 0000000000000000    1     0    1        0
   1069101     4 0000000000000000    1     0    1        0
   1069331     4 0000000000000000    1     0    1        0
   1069424     4 0000000000000000    1     0    1        0
   1069467     4 0000000000000000    1     0    1        0
   1069519     4 0000000000000000    1     0    1        0
   1069553     4 0000000000000000    1     0    1        0
   1069557     4 0000000000000000    1     0    1        0
   1069560     4 0000000000000000    1     0    1        0
   1069573     4 0000000000000000    1     0    1        0
   1069788     4 0000000000000000    1     0    1        0
   1069789     4 0000000000000000    1     0    1        0
   1069800     4 0000000000000000    1     0    1        0
   1069801     4 0000000000000000    1     0    1        0
   1069804     4 0000000000000000    1     0    1        0
   1069805     4 0000000000000000    1     0    1        0
   1069806     4 0000000000000000    1     0    1        0
   1069809     4 0000000000000000    1     0    1        0
   1069817     4 0000000000000000    1     0    1        0
   1069818     4 0000000000000000    1     0    1        0
   1069821     4 0000000000000000    1     0    1        0
   1069822     4 0000000000000000    1     0    1        0
   1069829     4 0000000000000000    1     0    1        0
   1069910     4 0000000000000000    1     0    1        0
   1069932     4 0000000000000000    1     0    1        0
   1069971     4 0000000000000000    1     0    1        0
   1069977     4 0000000000000000    1     0    1        0
   1069980     4 0000100002200000    1     0    1        0
   1074176     4 0000000000000000    1     0    1        0
   1074178     4 0000000000000000    1     0    1        0
   1074180     4 0000000000000000    1     0    1        0
   1074186     4 0000000000000000    1     0    1        0
   1074190     4 0000100003e00000    1     0    1        0
   1074376     4 0000000000000000    1     0    1        0
   1074394     4 0000000000000000    1     0    1        0
   1074398     4 0000000000000000    1     0    1        0
   1074403     4 0000000000000000    1     0    1        0
   1074416     4 0000000000000000    1     0    1        0
   1074417     4 0000000000000000    1     0    1        0
   1074429     4 0000000000000000    1     0    1        0
   1074545     4 0000000000000000    1     0    1        0
   1074556     4 0000000000000000    1     0    1        0
   1074655     4 0000000000000000    1     0    1        0
   1074656     4 0000000000000000    1     0    1        0
   1074665     4 0000000000000000    1     0    1        0
   1074666     4 0000000000000000    1     0    1        0
   1074897     4 0000000000000000    1     0    1        0
   1074898     4 0000000000000000    1     0    1        0
   1074970     4 0000000000000000    1     0    1        0
   1075050     4 0000000000000000    1     0    1        0
   1075154     4 0000000000000000    1     0    1        0
   1075157     4 0000000000000000    1     0    1        0
   1075162     4 0000000000000000    1     0    1        0
   1075163     4 0000000000000000    1     0    1        0
   1075196     4 0000000000000000    1     0    1        0
   1075197     4 0000000000000000    1     0    1        0
   1079302     4 0000000000000000    1     0    1        0
   1079427     4 0000000000000000    1     0    1        0
   1079458     4 0000000000000000    1     0    1        0
   1079731     4 0000000000000000    1     0    1        0
   1080021     4 0000100002800000    1     0    1        0
   1089632     4 0000100001800000    1     0    1        0
   1089656     4 0000000000000000    1     0    1        0
   1089659     4 0000000000000000    1     0    1        0
   1089660     4 0000000000000000    1     0    1        0
   1089661     4 0000000000000000    1     0    1        0
   1089662     4 0000000000000000    1     0    1        0
   1089663     4 0000000000000000    1     0    1        0
   1089664     4 0000000000000000    1     0    1        0
   1089665     4 0000000000000000    1     0    1        0
   1089683     4 0000000000000000    1     0    1        0
   1089724     4 0000000000000000    1     0    1        0
   1089727     4 0000000000000000    1     0    1        0
   1089728     4 0000000000000000    1     0    1        0
   1089853     4 0000000000000000    1     0    1        0
   1089926     4 0000000000000000    1     0    1        0
   1089928     4 0000000000000000    1     0    1        0
   1089930     4 0000000000000000    1     0    1        0
   1089931     4 0000000000000000    1     0    1        0
   1089937     4 0000000000000000    1     0    1        0
   1089940     4 0000000000000000    1     0    1        0
   1090043     4 0000000000000000    1     0    1        0
   1090095     4 0000000000000000    1     0    1        0
   1090096     4 0000000000000000    1     0    1        0
   1090104     4 0000000000000000    1     0    1        0
   1090106     4 0000000000000000    1     0    1        0
   1090107     4 0000000000000000    1     0    1        0
   1090108     4 0000000000000000    1     0    1        0
   1090109     4 0000000000000000    1     0    1        0
   1090110     4 0000000000000000    1     0    1        0
   1090111     4 0000000000000000    1     0    1        0
   1090116     4 0000000000000000    1     0    1        0
   1090118     4 0000000000000000    1     0    1        0
   1090119     4 0000000000000000    1     0    1        0
   1090122     4 0000000000000000    1     0    1        0
   1090126     4 0000000000000000    1     0    1        0
   1090127     4 0000000000000000    1     0    1        0
   1090227     4 0000000000000000    1     0    1        0
   1090240     4 0000000000000000    1     0    1        0
   1090241     4 0000000000000000    1     0    1        0
   1090242     4 0000000000000000    1     0    1        0
   1090244     4 0000000000000000    1     0    1        0
   1090246     4 0000000000000000    1     0    1        0
   1090249     4 0000000000000000    1     0    1        0
   1090251     4 0000000000000000    1     0    1        0
   1090254     4 0000000000000000    1     0    1        0
   1090260     4 0000000000000000    1     0    1        0
   1090269     4 0000000000000000    1     0    1        0
   1090279     4 0000000000000000    1     0    1        0
   1090285     4 0000000000000000    1     0    1        0
   1090354     4 0000000000000000    1     0    1        0
   1090355     4 0000000000000000    1     0    1        0
   1090384     4 0000000000000000    1     0    1        0
   1090413     4 0000000000000000    1     0    1        0
   1090414     4 0000000000000000    1     0    1        0
   1090418     4 0000000000000000    1     0    1        0
   1090419     4 0000000000000000    1     0    1        0
   1090422     4 0000000000000000    1     0    1        0
   1090427     4 0000000000000000    1     0    1        0
   1090428     4 0000000000000000    1     0    1        0
   1090429     4 0000000000000000    1     0    1        0
   1094692     4 0000000000000000    1     0    1        0
   1094693     4 0000000000000000    1     0    1        0
   1094704     4 0000000000000000    1     0    1        0
   1094715     4 0000000000000000    1     0    1        0
   1094717     4 0000000000000000    1     0    1        0
   1094733     4 0000000000000000    1     0    1        0
   1094734     4 0000000000000000    1     0    1        0
   1094938     4 0000000000000000    1     0    1        0
   1095172     4 0000000000000000    1     0    1        0
   1095173     4 0000000000000000    1     0    1        0
   1095182     4 0000100002e00000    1     0    1        0
   1095310     4 0000000000000000    1     0    1        0
   1095332     4 0000000000000000    1     0    1        0
   1095333     4 0000000000000000    1     0    1        0
   1095350     4 0000000000000000    1     0    1        0
   1095351     4 0000000000000000    1     0    1        0
   1095403     4 0000100003000000    1     0    1        0
   1095406     4 0000000000000000    1     0    1        0
   1095423     4 0000000000000000    1     0    1        0
   1095438     4 0000000000000000    1     0    1        0
   1095446     4 0000100003800000    1     0    1        0
   1095461     4 0000100000e00000    1     0    1        0
   1095474     4 0000000000000000    1     0    1        0
   1095612     4 0000000000000000    1     0    1        0
   1095622     4 0000000000000000    1     0    1        0
   1095623     4 0000000000000000    1     0    1        0
   1095626     4 0000000000000000    1     0    1        0
   1095628     4 0000000000000000    1     0    1        0
   1095629     4 0000000000000000    1     0    1        0
   1095633     4 0000000000000000    1     0    1        0
   1095634     4 0000000000000000    1     0    1        0
   1095636     4 0000000000000000    1     0    1        0
   1095637     4 0000000000000000    1     0    1        0
   1095641     4 0000000000000000    1     0    1        0
   1095642     4 0000000000000000    1     0    1        0
   1095644     4 0000000000000000    1     0    1        0
   1095647     4 0000000000000000    1     0    1        0
   1095648     4 0000000000000000    1     0    1        0
   1095652     4 0000000000000000    1     0    1        0
   1095653     4 0000000000000000    1     0    1        0
   1095655     4 0000000000000000    1     0    1        0
   1095656     4 0000000000000000    1     0    1        0
   1095662     4 0000000000000000    1     0    1        0
   1095694     4 0000000000000000    1     0    1        0
   1096070     4 0000000000000000    1     0    1        0
   1096146     4 0000100002c00000    1     0    1        0
   1096150     4 0000000000000000    1     0    1        0
   1096162     4 0000000000000000    1     0    1        0
   1096163     4 0000000000000000    1     0    1        0
   1096370     4 0000000000000000    1     0    1        0
   1096371     4 0000000000000000    1     0    1        0
   1096385     4 0000000000000000    1     0    1        0
   1096427     4 0000000000000000    1     0    1        0
   1096540     4 0000000000000000    1     0    1        0
   1096548     4 0000000000000000    1     0    1        0
   1096555     4 0000100001000000    1     0    1        0
   1096594     4 0000000000000000    1     0    1        0
   1096604     4 0000000000000000    1     0    1        0
   1096607     4 0000000000000000    1     0    1        0
   1096662     4 0000000000000000    1     0    1        0
   1096663     4 0000000000000000    1     0    1        0
   1096664     4 0000000000000000    1     0    1        0
   1096666     4 0000000000000000    1     0    1        0
   1096667     4 0000000000000000    1     0    1        0
   1096670     4 0000000000000000    1     0    1        0
   1096672     4 0000000000000000    1     0    1        0
   1099777     4 0000000000000000    1     0    1        0
   1099779     4 0000000000000000    1     0    1        0
   1099784     4 0000000000000000    1     0    1        0
   1099787     4 0000000000000000    1     0    1        0
   1099788     4 0000000000000000    1     0    1        0
   1099789     4 0000000000000000    1     0    1        0
   1099792     4 0000000000000000    1     0    1        0
   1099794     4 0000000000000000    1     0    1        0
   1099805     4 0000000000000000    1     0    1        0
   1099809     4 0000000000000000    1     0    1        0
   1099812     4 0000000000000000    1     0    1        0
   1099813     4 0000000000000000    1     0    1        0
   1099814     4 0000000000000000    1     0    1        0
   1099815     4 0000000000000000    1     0    1        0
   1099818     4 0000000000000000    1     0    1        0
   1100242     4 0000000000000000    1     0    1        0
   1100256     4 0000000000000000    1     0    1        0
   1100257     4 0000000000000000    1     0    1        0
   1100259     4 0000000000000000    1     0    1        0
   1100260     4 0000000000000000    1     0    1        0
   1100267     4 0000000000000000    1     0    1        0
   1100272     4 0000000000000000    1     0    1        0
   1100273     4 0000000000000000    1     0    1        0
   1100358     4 0000000000000000    1     0    1        0
   1100376     4 0000000000000000    1     0    1        0
   1100382     4 0000100002a00000    1     0    1        0
   1100398     4 0000000000000000    1     0    1        0
   1100399     4 0000100001400000    1     0    1        0
   1100404     4 0000000000000000    1     0    1        0
   1100405     4 0000000000000000    1     0    1        0
   1100406     4 0000000000000000    1     0    1        0
   1100410     4 0000000000000000    1     0    1        0
   1100413     4 0000000000000000    1     0    1        0
   1100415     4 0000000000000000    1     0    1        0
   1100571     4 0000000000000000    1     0    1        0
   1104930     4 0000000000000000    1     0    1        0
   1104932     4 0000000000000000    1     0    1        0
   1104964     4 0000000000000000    1     0    1        0
   1104966     4 0000000000000000    1     0    1        0
   1104980     4 0000000000000000    1     0    1        0
   1105010     4 0000000000000000    1     0    1        0
   1105048     4 0000000000000000    1     0    1        0
   1105049     4 0000000000000000    1     0    1        0
   1105052     4 0000000000000000    1     0    1        0
   1105083     4 0000100000600000    1     0    1        0
   1105092     4 0000000000000000    1     0    1        0
   1105244     4 0000000000000000    1     0    1        0
   1105245     4 0000000000000000    1     0    1        0
   1124681     4 0000000000000000    1     0    1        0
   1124787     4 0000000000000000    1     0    1        0
   1124817     4 0000000000000000    1     0    1        0
   1124840     4 0000100001a00000    1     0    1        0
   1124869     4 0000100003400000    1     0    1        0
   1124875     4 0000000000000000    1     0    1        0
   1125075     4 0000100000a00000    1     0    1        0
   1133940     4 0000000000000000    1     0    1        0
   1133943     4 0000000000000000    1     0    1        0
   1133944     4 0000000000000000    1     0    1        0
   1150485     4 0000100002600000    1     0    1        0
   1150644     4 0000100003600000    1     0    1        0
   1150666     4 0000000000000000    1     0    1        0
   1150941     4 0000000000000000    1     0    1        0
   1150964     4 0000000000000000    1     0    1        0
   1153788     4 0000000000000000    1     0    1        0
   1153897     4 0000100000000000    1     0    1        0
   1155635     4 0000000000000000    1     0    1        0
   1156088     4 0000100001c00000    1     0    1        0
   1156089     4 0000000000000000    1     0    1        0
   1158298     4 0000000000000000    1     0    1        0
   1158668     4 0000000000000000    1     0    1        0
   1158901     4 0000100003200000    1     0    1        0
   1161897     4 0000100003a00000    1     0    1        0
   1165649     4 0000100000c00000    1     0    1        0
   1169129     4 0000000000000000    1     0    1        0
   1176470     4 0000000000000000    1     0    1        0
   1200808     4 0000000000000000    1     0    1        0
   1200899     4 0000000000000000    1     0    1        0
   1201630     4 0000100000400000    1     0    1        0
   1205258     4 0000000000000000    1     0    1        0
   1206618     4 0000000000000000    1     0    1        0
   1206619     4 0000000000000000    1     0    1        0
   1206736     4 0000000000000000    1     0    1        0
   1206737     4 0000000000000000    1     0    1        0
   1206742     4 0000000000000000    1     0    1        0
   1207044     4 0000100001600000    1     0    1        0
   1207183     4 0000100000200000    1     0    1        0
   1210261     4 0000000000000000    1     0    1        0
   1210276     4 0000000000000000    1     0    1        0
   1210277     4 0000000000000000    1     0    1        0
   1210332     4 0000100000800000    1     0    1        0
   1210333     4 0000000000000000    1     0    1        0
   1211648     4 0000000000000000    1     0    1        0
   1213940     4 0000000000000000    1     0    1        0
   1213943     4 0000000000000000    1     0    1        0
